0
1 04/14/10 7 9 10 24 32 52 4 
2 04/17/10 15 16 20 32 45 50 3 
3 04/21/10 14 22 27 49 50 52 2 
4 04/24/10 12 21 25 34 47 53 2 
5 04/28/10 5 15 29 37 39 52 3 
6 05/01/10 1 10 22 26 29 32 4 
7 05/05/10 5 7 24 27 29 31 5 
8 05/08/10 1 15 18 21 22 51 4 
9 05/12/10 4 11 22 31 34 37 4 
10 05/15/10 8 13 17 25 27 37 4 
11 05/19/10 5 26 38 43 50 53 5 
12 05/22/10 4 9 22 29 45 52 2 
13 05/26/10 2 3 25 30 35 40 4 
14 05/29/10 3 7 8 25 36 45 3 
15 06/02/10 6 12 29 41 44 48 5 
16 06/05/10 5 25 29 32 41 48 4 
17 06/09/10 17 25 29 40 47 49 5 
18 06/12/10 2 6 17 39 44 45 2 
19 06/16/10 6 8 21 24 41 53 4 
20 06/19/10 8 27 33 39 40 46 4 
21 06/23/10 1 7 19 22 26 29 3 
22 06/26/10 6 10 15 24 36 46 5 
23 06/30/10 5 9 12 17 31 46 4 
24 07/03/10 12 14 20 22 33 42 3 
25 07/07/10 2 5 9 20 26 38 3 
26 07/10/10 11 22 39 40 48 49 3 
27 07/14/10 13 21 25 26 37 46 3 
28 07/17/10 18 38 40 43 46 52 4 
29 07/21/10 4 5 23 32 37 47 2 
30 07/24/10 9 12 29 32 33 42 2 
31 07/28/10 4 7 9 11 30 41 4 
32 07/31/10 5 8 18 19 47 48 4 
33 08/04/10 6 8 26 28 36 50 5 
34 08/07/10 11 12 21 26 35 48 2 
35 08/11/10 4 15 27 29 33 50 4 
36 08/14/10 31 32 39 41 50 52 2 
37 08/18/10 2 3 5 22 41 45 4 
38 08/21/10 26 31 32 34 36 52 5 
39 08/25/10 7 9 11 34 40 47 3 
40 08/28/10 20 23 37 41 46 51 2 
41 09/01/10 23 33 35 37 51 52 4 
42 09/04/10 2 7 9 22 29 42 5 
43 09/08/10 4 15 23 24 42 46 4 
44 09/11/10 7 8 10 20 44 47 5 
45 09/15/10 2 10 16 27 48 49 3 
46 09/18/10 6 12 19 26 30 31 5 
47 09/22/10 3 4 5 7 19 30 5 
48 09/25/10 7 12 30 48 49 51 4 
49 09/29/10 4 17 18 19 45 47 5 
50 10/02/10 6 17 30 34 39 47 3 
51 10/06/10 20 24 29 30 36 53 3 
52 10/09/10 10 16 17 26 42 47 5 
53 10/13/10 1 2 32 35 38 47 3 
54 10/16/10 7 8 9 12 13 25 5 
55 10/20/10 1 4 6 37 38 51 3 
56 10/23/10 12 16 23 29 32 48 5 
57 10/27/10 8 11 14 25 33 39 4 
58 10/30/10 10 24 30 36 41 44 4 
59 11/03/10 15 29 38 47 50 51 3 
60 11/06/10 3 14 24 30 33 38 4 
61 11/10/10 2 15 24 34 39 52 3 
62 11/13/10 8 20 25 28 42 44 5 
63 11/17/10 8 11 13 35 38 39 2 
64 11/20/10 9 29 31 42 43 50 3 
65 11/24/10 15 29 37 40 42 43 3 
66 11/27/10 19 23 26 28 49 52 5 
67 12/01/10 16 20 32 43 48 52 4 
68 12/04/10 3 12 22 28 43 51 2 
69 12/08/10 4 14 23 42 46 50 5 
70 12/11/10 24 27 33 38 50 52 5 
71 12/15/10 3 4 21 25 35 40 4 
72 12/18/10 6 8 15 36 40 47 4 
73 12/22/10 6 12 16 37 46 52 3 
74 12/25/10 3 25 32 33 34 51 3 
75 12/29/10 17 25 28 45 47 48 2 
76 01/01/11 5 16 26 41 48 53 2 
77 01/05/11 11 16 19 21 37 45 2 
78 01/08/11 13 35 38 40 49 52 2 
79 01/12/11 4 5 12 19 23 49 2 
80 01/15/11 11 14 39 41 49 53 4 
81 01/19/11 9 12 14 33 35 52 4 
82 01/22/11 7 20 35 36 38 48 4 
83 01/26/11 7 18 19 23 35 52 3 
84 01/29/11 12 17 19 20 33 37 4 
85 02/02/11 14 24 29 30 51 52 2 
86 02/05/11 4 5 20 23 38 48 4 
87 02/09/11 3 11 24 29 35 51 4 
88 02/12/11 1 13 18 24 40 53 3 
89 02/16/11 8 16 17 26 45 47 5 
90 02/19/11 3 12 16 30 37 46 4 
91 02/23/11 4 11 32 38 40 49 4 
92 02/26/11 5 7 18 24 49 53 5 
93 03/02/11 3 7 11 19 40 41 4 
94 03/05/11 5 6 14 23 24 29 4 
95 03/09/11 6 9 17 38 43 52 5 
96 03/12/11 9 10 23 24 37 38 4 
97 03/16/11 1 2 5 41 49 50 4 
98 03/19/11 5 29 31 38 52 53 3 
99 03/23/11 7 10 21 33 39 41 5 
100 03/26/11 5 7 9 25 43 49 5 
101 03/30/11 3 9 10 20 31 52 3 
102 04/02/11 8 21 34 35 37 40 4 
103 04/06/11 2 15 21 22 24 45 5 
104 04/09/11 10 11 14 18 40 41 4 
105 04/13/11 1 8 15 32 40 43 5 
106 04/16/11 1 12 21 33 34 40 3 
107 04/20/11 4 20 40 43 46 53 3 
108 04/23/11 12 22 32 38 43 53 2 
109 04/27/11 16 20 26 27 37 53 5 
110 04/30/11 14 16 28 37 45 51 4 
