1 04/01/2008 4 17 26 46 56 25 
2 04/04/2008 3 5 40 45 49 17 
3 04/08/2008 8 9 31 37 44 38 
4 04/11/2008 14 18 27 31 42 07 
5 04/15/2008 12 13 27 48 50 30 
6 04/18/2008 24 28 36 50 53 29 
7 04/22/2008 3 22 31 48 54 09 
8 04/25/2008 19 32 37 45 52 41 
9 04/29/2008 19 24 35 44 51 26 
10 05/02/2008 8 28 37 53 55 26 
11 05/06/2008 4 21 46 53 54 26 
12 05/09/2008 16 31 43 46 56 22 
13 05/13/2008 20 24 27 31 47 15 
14 05/16/2008 6 11 39 46 47 26 
15 05/20/2008 2 14 26 32 41 32 
16 05/23/2008 4 8 11 22 30 04 
17 05/27/2008 14 24 32 45 49 17 
18 05/30/2008 39 40 47 53 55 32 
19 06/03/2008 4 19 24 32 54 05 
20 06/06/2008 8 9 43 44 54 27 
21 06/10/2008 3 5 15 43 51 11 
22 06/13/2008 8 9 14 38 44 36 
23 06/17/2008 5 14 25 47 49 36 
24 06/20/2008 11 17 25 36 42 13 
25 06/24/2008 10 22 36 50 53 39 
26 06/27/2008 8 14 22 39 50 44 
27 07/01/2008 1 22 33 43 52 36 
28 07/04/2008 1 3 12 19 20 28 
29 07/08/2008 1 20 22 29 41 35 
30 07/11/2008 5 14 16 39 51 34 
31 07/15/2008 19 24 34 45 51 40 
32 07/18/2008 17 29 36 53 55 26 
33 07/22/2008 2 16 23 29 32 46 
34 07/25/2008 2 16 19 35 52 17 
35 07/29/2008 11 13 20 30 42 03 
36 08/01/2008 9 13 17 18 56 02 
37 08/05/2008 9 21 36 38 55 13 
38 08/08/2008 11 17 28 32 50 33 
39 08/12/2008 2 7 23 38 40 40 
40 08/15/2008 8 23 29 30 53 07 
41 08/19/2008 9 18 19 26 40 38 
42 08/22/2008 12 13 15 41 42 37 
43 08/26/2008 6 16 24 34 36 30 
44 08/29/2008 21 25 26 50 51 22 
45 09/02/2008 14 23 43 44 54 39 
46 09/05/2008 1 6 15 27 46 39 
47 09/09/2008 22 23 28 49 52 02 
48 09/12/2008 1 12 14 25 35 38 
49 09/16/2008 13 24 39 51 52 44 
50 09/19/2008 2 9 41 48 51 37 
51 09/23/2008 9 32 34 43 52 04 
52 09/26/2008 6 13 14 31 36 36 
53 09/30/2008 9 30 35 39 49 36 
54 10/03/2008 13 28 32 41 52 16 
55 10/07/2008 2 25 35 38 42 34 
56 10/10/2008 14 15 43 46 48 21 
57 10/14/2008 14 35 41 42 51 23 
58 10/17/2008 7 15 27 28 31 35 
59 10/21/2008 16 19 39 42 44 38 
60 10/24/2008 5 33 34 47 52 18 
61 10/28/2008 6 39 45 46 48 36 
62 10/31/2008 2 7 17 29 47 40 
63 11/04/2008 10 21 23 41 55 09 
64 11/07/2008 14 24 32 43 44 21 
65 11/11/2008 5 27 38 42 55 41 
66 11/14/2008 3 18 19 30 34 03 
67 11/18/2008 10 15 22 52 53 12 
68 11/21/2008 1 22 52 53 56 45 
69 11/25/2008 2 11 22 51 52 46 
70 11/28/2008 10 30 44 46 48 44 
71 12/02/2008 2 17 22 32 51 35 
72 12/05/2008 21 27 46 52 55 14 
73 12/09/2008 11 12 26 31 33 27 
74 12/12/2008 10 16 19 27 48 25 
75 12/16/2008 10 14 16 29 40 06 
76 12/19/2008 3 13 16 39 54 32 
77 12/23/2008 1 8 13 27 41 45 
78 12/26/2008 6 19 29 33 37 31 
79 12/30/2008 1 22 29 44 52 39 
80 01/02/2009 2 11 19 21 34 38 
81 01/06/2009 3 11 12 19 33 30 
82 01/09/2009 23 25 30 45 50 08 
83 01/13/2009 22 25 33 36 48 40 
84 01/16/2009 2 4 21 39 51 29 
85 01/20/2009 1 9 10 35 46 09 
86 01/23/2009 2 17 20 27 28 07 
87 01/27/2009 3 11 12 14 21 25 
88 01/30/2009 13 16 19 53 55 02 
89 02/03/2009 4 15 29 43 56 29 
90 02/06/2009 2 12 18 28 31 03 
91 02/10/2009 18 29 38 43 47 07 
92 02/13/2009 25 36 37 40 51 20 
93 02/17/2009 1 9 23 27 33 24 
94 02/20/2009 21 28 41 45 55 24 
95 02/24/2009 1 27 28 35 40 06 
96 02/27/2009 24 37 44 50 56 35 
97 03/03/2009 26 32 35 43 52 10 
98 03/06/2009 11 18 37 46 55 45 
99 03/10/2009 2 27 31 39 40 23 
100 03/13/2009 10 12 26 46 50 23 
101 03/17/2009 9 15 24 28 31 17 
102 03/20/2009 15 16 20 39 40 26 
103 03/24/2009 4 25 34 43 44 45 
104 03/27/2009 10 15 24 38 50 19 
105 03/31/2009 14 39 47 48 53 29 
106 04/03/2009 16 22 38 39 48 42 
107 04/07/2009 2 4 13 17 36 15 
108 04/10/2009 18 25 36 42 51 22 
109 04/14/2009 4 11 22 48 50 42 
110 04/17/2009 5 13 26 35 45 32 
111 04/21/2009 5 24 37 47 52 06 
112 04/24/2009 9 20 21 48 49 07 
113 04/28/2009 15 20 24 36 44 06 
114 05/01/2009 9 16 24 40 43 35 
115 05/05/2009 5 23 38 39 54 03 
116 05/08/2009 12 27 29 32 34 34 
117 05/12/2009 4 8 10 14 51 31 
118 05/15/2009 7 12 24 36 48 27 
119 05/19/2009 2 4 9 15 42 13 
120 05/22/2009 3 29 34 42 49 29 
121 05/26/2009 9 18 21 37 55 33 
122 05/29/2009 23 30 36 39 48 34 
123 06/02/2009 9 13 26 30 35 33 
124 06/05/2009 5 20 38 41 52 20 
125 06/09/2009 5 17 31 36 56 46 
126 06/12/2009 6 11 20 32 44 38 
127 06/16/2009 9 15 21 26 45 25 
128 06/19/2009 4 9 12 16 46 44 
129 06/23/2009 12 14 16 31 50 09 
130 06/26/2009 11 15 17 29 46 16 
131 06/30/2009 7 34 49 54 55 34 
132 07/03/2009 5 6 7 11 25 31 
133 07/07/2009 25 27 35 38 39 28 
134 07/10/2009 5 10 26 27 28 04 
135 07/14/2009 20 29 35 45 53 41 
136 07/17/2009 8 17 40 47 50 13 
137 07/21/2009 3 8 21 50 52 02 
138 07/24/2009 3 6 43 51 52 36 
139 07/28/2009 4 17 24 25 48 34 
140 07/31/2009 17 35 44 52 56 22 
141 08/04/2009 1 28 34 42 50 27 
142 08/07/2009 7 18 35 45 56 03 
143 08/11/2009 6 12 15 32 42 40 
144 08/14/2009 8 22 25 33 35 46 
145 08/18/2009 4 5 26 37 56 25 
146 08/21/2009 9 38 44 48 49 13 
147 08/25/2009 3 12 19 22 40 02 
148 08/28/2009 1 17 31 37 54 31 
149 09/01/2009 2 9 28 51 53 19 
150 09/04/2009 2 4 6 21 44 37 
151 09/08/2009 4 10 18 28 50 35 
152 09/11/2009 16 27 48 49 54 02 
153 09/15/2009 29 30 32 35 41 39 
154 09/18/2009 18 27 31 36 52 33 
155 09/22/2009 26 29 33 39 46 24 
156 09/25/2009 7 27 42 49 52 19 
157 09/29/2009 2 21 25 45 50 21 
158 10/02/2009 15 24 51 53 55 11 
159 10/06/2009 9 33 51 53 56 39 
160 10/09/2009 3 14 21 24 51 14 
161 10/13/2009 17 31 34 45 51 24 
162 10/16/2009 10 13 18 33 51 43 
163 10/20/2009 13 17 25 45 55 08 
164 10/23/2009 27 45 48 54 56 02 
165 10/27/2009 7 13 37 46 51 02 
166 10/30/2009 4 15 17 29 38 20 
167 11/03/2009 5 18 23 31 38 20 
168 11/06/2009 7 11 27 40 46 08 
169 11/10/2009 8 21 29 34 37 15 
170 11/13/2009 27 43 45 49 54 44 
171 11/17/2009 8 22 27 49 50 28 
172 11/20/2009 3 4 7 16 56 39 
173 11/24/2009 10 11 35 37 50 12 
174 11/27/2009 12 25 37 39 45 11 
175 12/01/2009 17 30 39 52 53 21 
176 12/04/2009 4 33 41 51 56 38 
177 12/08/2009 20 23 28 30 46 29 
178 12/11/2009 2 21 27 34 44 45 
179 12/15/2009 27 31 32 36 47 35 
180 12/18/2009 10 20 30 44 49 24 
181 12/22/2009 3 33 35 39 45 13 
182 12/25/2009 4 16 44 52 54 20 
183 12/29/2009 2 5 29 35 51 03 
184 01/01/2010 6 8 27 40 41 21 
185 01/05/2010 13 28 39 50 55 10 
186 01/08/2010 18 20 31 36 43 33 
187 01/12/2010 5 9 31 37 56 16 
188 01/15/2010 4 7 19 21 38 29 
189 01/19/2010 4 5 34 38 41 18 
190 01/22/2010 8 13 27 28 52 09 
191 01/26/2010 7 8 38 39 48 22 
192 01/29/2010 1 10 22 23 38 19 
193 02/02/2010 6 7 26 27 49 09 
194 02/05/2010 10 20 45 51 53 41 
195 02/09/2010 2 17 20 26 48 12 
196 02/12/2010 14 16 17 33 47 23 
197 02/16/2010 11 12 21 29 45 05 
198 02/19/2010 1 22 39 42 46 36 
199 02/23/2010 4 16 36 40 53 18 
200 02/26/2010 4 14 29 54 56 40 
201 03/02/2010 9 12 47 48 56 25 
202 03/05/2010 11 31 34 44 52 32 
203 03/09/2010 14 16 18 19 29 16 
204 03/12/2010 2 15 25 48 53 41 
205 03/16/2010 3 22 48 52 56 13 
206 03/19/2010 10 31 45 50 54 25 
207 03/23/2010 3 25 28 29 40 13 
208 03/26/2010 23 41 46 47 52 22 
209 03/30/2010 1 11 24 38 44 41 
210 04/02/2010 2 17 22 30 31 19 
211 04/06/2010 16 43 44 52 56 26 
212 04/09/2010 15 18 39 48 53 03 
213 04/13/2010 3 12 27 39 47 32 
214 04/16/2010 10 16 31 48 50 44 
215 04/20/2010 5 8 10 34 42 25 
216 04/23/2010 19 26 28 37 52 18 
217 04/27/2010 23 37 41 50 55 06 
218 04/30/2010 14 20 41 47 53 40 
219 05/04/2010 9 21 31 36 43 08 
220 05/07/2010 2 7 20 34 50 40 
221 05/11/2010 26 33 43 46 54 09 
222 05/14/2010 20 21 40 47 56 12 
223 05/18/2010 11 13 19 37 40 26 
224 05/21/2010 15 20 23 26 30 17 
225 05/25/2010 5 14 17 19 24 25 
226 05/28/2010 3 11 20 29 39 26 
227 06/01/2010 12 27 44 45 51 30 
228 06/04/2010 12 13 15 17 50 23 
229 06/08/2010 12 18 28 48 54 06 
230 06/11/2010 6 13 33 34 42 25 
231 06/15/2010 4 12 13 21 27 46 
232 06/18/2010 11 36 37 41 55 07 
233 06/22/2010 12 17 21 23 30 24 
234 06/25/2010 1 2 13 19 27 21 
235 06/29/2010 3 4 15 27 37 35 
236 07/02/2010 1 10 12 32 36 25 
237 07/06/2010 8 18 45 47 50 36 
238 07/09/2010 1 31 33 34 50 41 
239 07/13/2010 7 11 14 15 34 14 
240 07/16/2010 2 15 18 20 39 34 
241 07/20/2010 12 18 28 36 43 19 
242 07/23/2010 16 19 39 44 49 26 
243 07/27/2010 2 7 10 16 29 08 
244 07/30/2010 11 30 40 48 52 42 
245 08/03/2010 4 13 20 22 56 32 
246 08/06/2010 7 13 30 33 54 30 
247 08/10/2010 2 14 26 50 56 12 
248 08/13/2010 6 17 24 43 55 36 
249 08/17/2010 11 19 40 43 44 33 
250 08/20/2010 4 13 20 29 48 36 
251 08/24/2010 4 23 24 28 32 31 
252 08/27/2010 4 10 26 32 41 31 
253 08/31/2010 10 20 29 47 48 38 
254 09/03/2010 10 13 20 28 36 09 
255 09/07/2010 8 18 22 24 38 23 
256 09/10/2010 11 12 17 21 23 20 
257 09/14/2010 6 14 50 55 56 01 
258 09/17/2010 3 4 14 18 27 13 
259 09/21/2010 3 20 43 47 52 26 
260 09/24/2010 2 28 38 42 55 25 
261 09/28/2010 2 10 13 36 38 18 
262 10/01/2010 3 8 21 28 52 43 
263 10/05/2010 10 19 24 37 44 27 
264 10/08/2010 24 29 37 48 50 19 
265 10/12/2010 10 31 36 37 43 15 
266 10/15/2010 9 10 13 31 50 10 
267 10/19/2010 2 9 14 37 42 41 
268 10/22/2010 2 7 18 32 53 18 
269 10/26/2010 15 21 30 31 32 26 
270 10/29/2010 4 19 26 28 39 14 
271 11/02/2010 1 3 12 16 54 46 
272 11/05/2010 19 25 34 46 53 15 
273 11/09/2010 8 26 28 33 53 11 
274 11/12/2010 9 26 28 35 38 10 
275 11/16/2010 1 26 27 39 46 21 
276 11/19/2010 07 14 31 51 54 35 
277 11/23/2010 02 06 12 34 35 33 
278 11/26/2010 05 09 34 43 47 08 
279 11/30/2010 11 16 19 47 53 02 
280 12/03/2010 06 11 12 18 56 12 
281 12/07/2010 04 38 45 53 54 09 
282 12/10/2010 23 27 33 44 46 36 
283 12/14/2010 18 22 25 31 38 29 
284 12/17/2010 11 20 26 46 53 12 
285 12/21/2010 08 11 12 31 32 29 
286 12/24/2010 15 16 27 40 52 16 
287 12/28/2010 06 18 36 40 49 07 
288 12/31/2010 10 12 13 35 56 09 
289 01/04/2011 04 08 15 25 47 42 
290 01/07/2011 04 22 42 46 53 20 
291 01/11/2011 01 04 11 16 45 37 
292 01/14/2011 02 15 17 33 35 08 
293 01/18/2011 04 27 29 38 45 05 
294 01/21/2011 5 9 21 35 38 20 
295 01/25/2011 05 08 31 46 50 04 
296 01/28/2011 14 33 48 49 50 18 
297 02/01/2011 16 22 23 26 35 31 
298 02/04/2011 06 20 29 48 55 06 
299 02/08/2011 25 35 36 47 48 18 
300 02/11/2011 08 09 17 32 34 13 
301 02/15/2011 17 18 24 35 39 18 
302 02/18/2011 05 06 07 30 45 42 
303 02/22/2011 15 22 23 48 55 31 
304 02/25/2011 04 05 17 19 50 07 
305 03/01/2011 01 12 19 20 47 25 
306 03/04/2011 08 10 15 23 41 07 
307 03/08/2011 03 17 19 41 55 24 
308 03/11/2011 14 19 21 42 45 06 
309 03/15/2011 10 11 12 28 43 45 
310 03/18/2011 14 33 34 54 56 37 
311 03/22/2011 01 14 35 50 53 43 
312 03/25/2011 22 24 31 52 54 04 
313 03/29/2011 06 15 23 34 38 43 
314 04/01/2011 13 14 35 36 53 19 
315 04/05/2011 01 19 20 31 36 09 
316 04/08/2011 06 40 45 50 56 11 
317 04/12/2011 10 23 39 41 45 15 
318 04/15/2011 22 23 33 39 48 29 
319 04/19/2011 20 24 32 45 51 43 
320 04/22/2011 03 18 46 51 53 17 
321 04/26/2011 19 29 32 38 55 15 
322 04/29/2011 09 10 11 33 51 29 
323 05/03/2011 01 16 29 36 50 16 
