1 04/02/2008 1 8 10 31 52 57 03 
2 04/05/2008 4 11 26 31 37 49 33 
3 04/09/2008 25 26 33 45 47 48 18 
4 04/12/2008 2 11 12 16 32 49 03 
5 04/16/2008 3 20 26 44 55 57 35 
6 04/19/2008 2 6 16 17 25 59 13 
7 04/23/2008 17 24 25 26 42 54 27 
8 04/26/2008 10 15 17 37 41 53 14 
9 04/30/2008 3 14 16 45 53 57 12 
10 05/03/2008 19 28 30 34 51 52 54 
11 05/07/2008 16 25 32 45 46 58 07 
12 05/10/2008 1 3 34 44 47 49 14 
13 05/14/2008 1 9 21 37 45 53 20 
14 05/17/2008 4 9 25 40 52 57 54 
15 05/21/2008 1 7 13 30 34 46 21 
16 05/24/2008 8 24 33 35 44 53 10 
17 05/28/2008 17 25 32 35 40 53 49 
18 05/31/2008 6 24 30 50 51 57 53 
19 06/04/2008 1 4 11 24 42 56 09 
20 06/07/2008 5 11 17 24 25 39 58 
21 06/11/2008 5 8 15 18 24 45 31 
22 06/14/2008 9 14 26 27 51 55 28 
23 06/18/2008 7 11 23 24 27 49 47 
24 06/21/2008 7 24 36 52 54 55 12 
25 06/25/2008 8 22 32 41 53 57 23 
26 06/28/2008 3 8 21 23 40 57 10 
27 07/02/2008 3 18 23 33 34 57 17 
28 07/05/2008 3 12 22 38 48 50 59 
29 07/09/2008 4 8 19 34 47 54 01 
30 07/12/2008 16 17 21 30 43 44 39 
31 07/16/2008 10 19 24 38 39 55 15 
32 07/19/2008 2 25 32 53 55 57 20 
33 07/23/2008 1 14 25 32 47 50 11 
34 07/26/2008 7 11 20 21 34 47 52 
35 07/30/2008 5 14 26 27 39 42 15 
36 08/02/2008 22 26 31 36 39 50 28 
37 08/06/2008 11 16 35 36 54 56 02 
38 08/09/2008 2 8 17 18 40 47 23 
39 08/13/2008 8 13 34 44 53 58 10 
40 08/16/2008 15 20 24 25 42 43 06 
41 08/20/2008 14 20 30 38 40 59 31 
42 08/23/2008 9 27 30 34 50 53 45 
43 08/27/2008 8 21 32 34 37 44 18 
44 08/30/2008 18 20 22 28 40 56 21 
45 09/03/2008 14 32 40 41 54 57 34 
46 09/06/2008 3 24 35 42 44 50 58 
47 09/10/2008 7 13 16 40 41 47 49 
48 09/13/2008 7 14 26 27 39 41 53 
49 09/17/2008 14 15 23 37 40 57 54 
50 09/20/2008 12 13 17 26 35 43 37 
51 09/24/2008 1 19 21 49 50 58 41 
52 09/27/2008 2 8 13 43 45 53 51 
53 10/01/2008 17 31 45 48 49 55 01 
54 10/04/2008 15 23 32 41 46 51 29 
55 10/08/2008 18 30 31 34 49 54 19 
56 10/11/2008 8 10 16 19 38 54 46 
57 10/15/2008 10 11 25 43 51 55 18 
58 10/18/2008 5 22 27 41 53 56 46 
59 10/22/2008 3 14 28 32 44 50 12 
60 10/25/2008 13 15 16 20 21 34 40 
61 10/29/2008 1 13 14 27 31 51 56 
62 11/01/2008 12 24 26 44 47 52 48 
63 11/05/2008 15 33 47 53 55 58 42 
64 11/08/2008 15 28 31 33 44 58 32 
65 11/12/2008 1 13 14 29 32 38 25 
66 11/15/2008 1 8 27 42 44 49 17 
67 11/19/2008 6 7 32 41 42 52 57 
68 11/22/2008 7 9 12 42 43 59 01 
69 11/26/2008 7 11 19 21 23 37 32 
70 11/29/2008 16 19 22 47 48 56 58 
71 12/03/2008 31 36 38 41 44 48 13 
72 12/06/2008 25 28 29 35 51 55 10 
73 12/10/2008 16 20 25 36 46 54 05 
74 12/13/2008 8 16 27 35 37 41 14 
75 12/17/2008 11 12 19 32 34 59 25 
76 12/20/2008 7 9 11 24 41 57 37 
77 12/24/2008 8 15 28 37 40 47 01 
78 12/27/2008 11 26 31 36 53 58 37 
79 12/31/2008 2 7 13 26 32 47 45 
80 01/03/2009 28 35 39 46 52 57 02 
81 01/07/2009 12 17 38 48 55 57 58 
82 01/10/2009 16 17 43 47 48 51 20 
83 01/14/2009 10 13 16 19 33 57 55 
84 01/17/2009 5 12 16 45 48 54 53 
85 01/21/2009 17 22 23 28 41 53 07 
86 01/24/2009 12 20 26 31 57 59 25 
87 01/28/2009 1 10 18 31 34 42 46 
88 01/31/2009 23 26 29 31 40 58 44 
89 02/04/2009 12 16 24 40 44 48 54 
90 02/07/2009 1 23 31 35 44 50 51 
91 02/11/2009 10 11 16 24 42 54 28 
92 02/14/2009 3 34 37 38 46 59 25 
93 02/18/2009 4 38 39 45 46 47 03 
94 02/21/2009 4 11 35 52 56 57 30 
95 02/25/2009 1 2 22 23 30 32 08 
96 02/28/2009 1 29 36 42 55 56 12 
97 03/04/2009 3 18 25 33 39 46 47 
98 03/07/2009 14 25 28 36 49 59 54 
99 03/11/2009 2 8 12 27 30 37 56 
100 03/14/2009 4 18 36 42 43 47 11 
101 03/18/2009 9 19 21 22 28 32 26 
102 03/21/2009 2 5 8 29 33 50 56 
103 03/25/2009 9 12 35 36 47 55 56 
104 03/28/2009 11 47 52 56 57 59 03 
105 04/01/2009 5 7 12 20 37 53 46 
106 04/04/2009 10 14 20 33 46 55 52 
107 04/08/2009 5 6 21 35 38 51 58 
108 04/11/2009 8 14 15 31 50 56 48 
109 04/15/2009 12 25 29 30 37 53 05 
110 04/18/2009 1 18 34 44 50 51 13 
111 04/22/2009 9 11 20 23 39 53 50 
112 04/25/2009 2 7 18 29 31 49 19 
113 04/29/2009 1 2 10 28 35 36 24 
114 05/02/2009 1 8 19 28 46 48 32 
115 05/06/2009 3 29 32 45 46 50 36 
116 05/09/2009 2 6 35 39 46 47 13 
117 05/13/2009 4 24 38 40 47 48 25 
118 05/16/2009 11 19 30 45 55 56 31 
119 05/20/2009 7 9 19 25 36 50 30 
120 05/23/2009 18 23 29 35 42 59 21 
121 05/27/2009 16 29 30 43 44 50 45 
122 05/30/2009 6 11 13 15 25 27 39 
123 06/03/2009 8 14 15 40 45 49 48 
124 06/06/2009 7 18 27 31 39 45 54 
125 06/10/2009 11 26 36 42 46 56 20 
126 06/13/2009 33 35 37 47 48 58 21 
127 06/17/2009 22 40 42 43 45 55 48 
128 06/20/2009 12 21 28 37 44 58 26 
129 06/24/2009 19 29 35 42 49 59 30 
130 06/27/2009 19 36 38 42 43 45 20 
131 07/01/2009 2 35 40 55 56 59 03 
132 07/04/2009 1 19 33 42 47 49 02 
133 07/08/2009 3 5 7 9 39 54 56 
134 07/11/2009 8 12 25 32 52 58 50 
135 07/15/2009 7 19 26 28 35 44 25 
136 07/18/2009 5 12 16 18 20 41 51 
137 07/22/2009 7 18 29 35 37 42 04 
138 07/25/2009 2 8 21 34 35 40 59 
139 07/29/2009 14 25 45 48 52 56 18 
140 08/01/2009 5 13 19 25 40 54 57 
141 08/05/2009 9 30 39 44 47 50 31 
142 08/08/2009 10 21 28 32 43 53 14 
143 08/12/2009 5 12 20 27 36 55 35 
144 08/15/2009 1 8 35 39 45 49 07 
145 08/19/2009 3 7 14 38 50 51 16 
146 08/22/2009 22 32 34 43 55 56 48 
147 08/26/2009 3 5 9 14 34 58 45 
148 08/29/2009 7 29 34 49 53 57 25 
149 09/02/2009 23 24 30 35 45 54 14 
150 09/05/2009 7 26 29 31 38 47 08 
151 09/09/2009 22 27 36 43 48 56 30 
152 09/12/2009 19 22 27 45 50 52 17 
153 09/16/2009 17 29 30 43 52 59 36 
154 09/19/2009 9 22 43 47 51 53 32 
155 09/23/2009 9 15 22 33 34 38 10 
156 09/26/2009 17 22 25 42 49 59 47 
157 09/30/2009 8 14 17 26 36 54 37 
158 10/03/2009 26 28 37 38 57 58 01 
159 10/07/2009 3 5 20 31 57 59 28 
160 10/10/2009 19 23 36 37 38 42 10 
161 10/14/2009 10 14 25 34 41 45 01 
162 10/17/2009 3 16 17 36 51 58 26 
163 10/21/2009 26 29 43 51 52 54 45 
164 10/24/2009 4 5 10 16 48 53 15 
165 10/28/2009 8 12 22 32 35 56 15 
166 10/31/2009 2 15 17 21 24 42 41 
167 11/04/2009 10 17 26 28 31 53 47 
168 11/07/2009 16 20 47 53 54 55 45 
169 11/11/2009 16 17 28 31 45 53 38 
170 11/14/2009 4 11 28 34 42 43 35 
171 11/18/2009 6 8 27 39 45 48 14 
172 11/21/2009 16 23 26 30 32 53 37 
173 11/25/2009 7 29 33 35 42 46 49 
174 11/28/2009 9 39 45 49 57 59 26 
175 12/02/2009 19 30 37 53 54 57 03 
176 12/05/2009 11 21 26 39 43 54 48 
177 12/09/2009 4 5 6 15 50 57 47 
178 12/12/2009 8 16 33 36 43 52 15 
179 12/16/2009 11 28 30 45 49 58 16 
180 12/19/2009 12 15 20 32 36 44 47 
181 12/23/2009 18 33 35 37 39 57 27 
182 12/26/2009 2 18 32 35 51 52 48 
183 12/30/2009 10 13 17 38 48 55 51 
184 01/02/2010 4 28 29 37 43 56 52 
185 01/06/2010 1 19 22 27 39 46 28 
186 01/09/2010 9 15 21 23 31 46 05 
187 01/13/2010 3 18 24 32 36 46 06 
188 01/16/2010 19 21 27 39 48 49 53 
189 01/20/2010 10 20 35 40 47 52 37 
190 01/23/2010 6 18 27 40 51 55 52 
191 01/27/2010 13 31 40 52 57 58 35 
192 01/30/2010 8 12 29 32 40 47 35 
193 02/03/2010 23 24 43 44 55 57 51 
194 02/06/2010 2 11 32 42 47 48 28 
195 02/10/2010 13 31 38 42 43 46 01 
196 02/13/2010 27 45 46 52 53 55 18 
197 02/17/2010 18 22 31 49 50 58 43 
198 02/20/2010 28 35 36 43 44 53 37 
199 02/24/2010 3 4 14 40 42 54 39 
200 02/27/2010 3 4 5 30 40 43 01 
201 03/03/2010 2 17 30 38 43 53 27 
202 03/06/2010 3 5 6 14 22 38 43 
203 03/10/2010 6 23 27 37 40 57 15 
204 03/13/2010 11 19 25 29 30 55 27 
205 03/17/2010 12 29 30 42 52 54 19 
206 03/20/2010 7 19 27 29 30 35 50 
207 03/24/2010 12 16 29 42 49 52 07 
208 03/27/2010 1 13 17 42 47 53 26 
209 03/31/2010 11 16 20 23 25 36 18 
210 04/03/2010 9 12 13 14 27 46 38 
211 04/07/2010 7 23 42 47 48 54 30 
212 04/10/2010 8 24 44 53 54 59 31 
213 04/14/2010 3 8 32 40 42 51 39 
214 04/17/2010 8 13 25 34 46 54 48 
215 04/21/2010 15 21 32 33 51 52 27 
216 04/24/2010 2 7 8 42 44 48 43 
217 04/28/2010 1 7 15 19 49 50 25 
218 05/01/2010 4 5 12 23 43 56 13 
219 05/05/2010 8 11 15 24 52 53 39 
220 05/08/2010 7 31 33 38 45 46 43 
221 05/12/2010 4 9 10 23 28 49 21 
222 05/15/2010 8 20 28 52 58 59 27 
223 05/19/2010 2 4 9 13 26 45 14 
224 05/22/2010 1 14 19 22 52 58 16 
225 05/26/2010 2 8 14 33 34 57 47 
226 05/29/2010 4 18 23 29 30 36 19 
227 06/02/2010 6 10 16 18 19 53 46 
228 06/05/2010 11 22 36 40 51 52 06 
229 06/09/2010 15 18 24 26 50 52 40 
230 06/12/2010 8 13 18 19 29 59 24 
231 06/16/2010 39 40 43 53 54 57 51 
232 06/19/2010 13 22 26 28 35 52 46 
233 06/23/2010 11 19 33 40 43 55 23 
234 06/26/2010 11 25 26 35 42 45 31 
235 06/30/2010 4 6 27 28 31 38 21 
236 07/03/2010 4 7 19 34 41 56 39 
237 07/07/2010 28 29 37 45 50 59 25 
238 07/10/2010 6 13 33 40 43 55 07 
239 07/14/2010 9 23 34 37 53 56 47 
240 07/17/2010 5 9 15 16 34 48 27 
241 07/21/2010 22 28 35 39 52 55 11 
242 07/24/2010 6 12 27 34 53 58 52 
243 07/28/2010 3 8 12 15 31 51 01 
244 07/31/2010 5 18 26 41 49 56 20 
245 08/04/2010 3 7 18 36 44 53 30 
246 08/07/2010 5 16 29 42 46 51 07 
247 08/11/2010 9 21 28 30 35 51 27 
248 08/14/2010 8 13 28 30 33 36 06 
249 08/18/2010 15 17 18 33 40 45 26 
250 08/21/2010 1 9 20 21 27 52 55 
251 08/25/2010 9 12 26 49 52 55 47 
252 08/28/2010 9 22 24 42 45 57 19 
253 09/01/2010 8 16 19 25 45 48 21 
254 09/04/2010 7 15 18 30 42 57 35 
255 09/08/2010 2 3 21 25 45 53 44 
256 09/11/2010 8 16 37 39 45 48 36 
257 09/15/2010 3 17 37 44 46 57 14 
258 09/18/2010 21 23 26 42 51 58 28 
259 09/22/2010 4 18 21 30 44 59 43 
260 09/25/2010 7 25 37 44 52 58 11 
261 09/29/2010 8 13 20 35 41 52 42 
262 10/02/2010 4 42 47 55 56 57 37 
263 10/06/2010 12 28 34 45 46 56 08 
264 10/09/2010 8 13 15 16 39 53 33 
265 10/13/2010 11 16 23 43 47 51 50 
266 10/16/2010 1 11 13 14 27 40 52 
267 10/20/2010 2 43 48 50 53 54 58 
268 10/23/2010 1 8 31 40 49 58 59 
269 10/27/2010 12 13 24 35 39 41 11 
270 10/30/2010 7 9 23 30 38 51 52 
271 11/03/2010 2 15 27 28 31 35 58 
272 11/06/2010 1 13 23 24 45 50 17 
273 11/10/2010 12 27 39 41 45 51 50 
274 11/13/2010 6 10 18 29 45 53 23 
275 11/17/2010 3 15 27 33 39 46 17 
276 11/20/2010 17 29 42 45 47 52 46 
277 11/24/2010 17 21 32 50 55 59 22 
278 11/27/2010 01 10 13 17 21 58 23 
279 12/01/2010 15 24 27 55 56 58 51 
280 12/04/2010 05 11 17 26 50 55 45 
281 12/08/2010 8 15 21 28 53 56 45 
282 12/11/2010 16 18 21 24 34 41 39 
283 12/15/2010 4 21 27 32 33 36 22 
284 12/18/2010 23 34 36 40 52 53 25 
285 12/22/2010 04 05 18 27 38 48 31 
286 12/24/2010 01 04 26 40 44 55 25 
287 12/29/2010 12 28 31 41 42 59 17 
288 01/01/2011 14 16 18 23 27 54 57 
289 01/05/2011 4 6 11 18 20 33 13 
290 01/08/2011 11 38 44 48 53 54 20 
291 01/12/2011 1 15 19 32 46 50 34 
292 01/15/2011 01 11 13 47 51 54 27 
293 01/19/2011 16 23 29 36 38 57 41 
294 01/22/2011 7 16 36 50 52 57 15 
295 01/26/2011 02 10 19 22 23 46 09 
296 01/29/2011 1 16 19 31 34 53 23 
297 02/02/2011 02 12 16 17 40 57 26 
298 02/05/2011 04 11 13 19 36 51 29 
299 02/09/2011 17 18 32 33 36 50 16 
300 02/12/2011 08 16 21 36 41 44 23 
301 02/16/2011 5 15 18 40 42 47 24 
302 02/19/2011 08 23 33 34 52 58 15 
303 02/23/2011 08 15 20 41 43 48 26 
304 02/26/2011 13 18 23 24 30 54 01 
305 03/02/2011 01 05 40 44 56 57 39 
306 03/05/2011 15 17 27 37 40 49 51 
307 03/09/2011 05 06 11 47 50 51 26 
308 03/12/2011 13 15 16 26 38 44 49 
309 03/16/2011 15 19 22 23 30 54 51 
310 03/19/2011 01 14 24 31 42 51 52 
311 03/23/2011 04 21 30 36 40 46 47 
312 03/26/2011 09 23 27 37 41 45 43 
313 03/30/2011 06 24 28 34 41 55 16 
314 04/02/2011 15 18 19 24 41 59 10 
315 04/06/2011 12 19 25 38 50 55 23 
316 04/09/2011 11 19 20 23 26 38 42 
317 04/13/2011 03 10 30 35 37 39 25 
318 04/16/2011 02 08 20 42 54 59 55 
319 04/20/2011 08 16 17 29 39 56 50 
320 04/23/2011 08 15 19 37 48 59 28 
321 04/27/2011 16 22 24 33 37 42 29 
322 04/30/2011 05 13 18 25 45 50 33 
