1 02/03/2010 17 22 36 37 52 24 
2 02/06/2010 14 22 52 54 59 04 
3 02/10/2010 5 8 29 37 38 34 
4 02/13/2010 10 14 30 40 51 01 
5 02/17/2010 7 8 19 26 36 15 
6 02/20/2010 13 27 37 41 54 32 
7 02/24/2010 4 17 35 50 57 12 
8 02/27/2010 18 47 51 53 58 30 
9 03/03/2010 7 9 14 45 49 23 
10 03/06/2010 10 29 33 41 59 15 
11 03/10/2010 17 21 37 41 50 01 
12 03/13/2010 6 16 20 31 36 08 
13 03/17/2010 24 26 45 48 55 08 
14 03/20/2010 9 36 39 44 45 09 
15 03/24/2010 14 20 24 39 49 07 
16 03/27/2010 7 21 32 44 52 10 
17 03/31/2010 5 13 17 45 54 12 
18 04/03/2010 10 15 31 52 59 04 
19 04/07/2010 4 36 40 44 52 33 
20 04/10/2010 21 22 49 52 58 34 
21 04/14/2010 6 14 32 38 52 20 
22 04/17/2010 5 21 22 41 49 15 
23 04/21/2010 11 34 41 49 55 20 
24 04/24/2010 1 12 53 56 57 05 
25 04/28/2010 12 22 25 28 44 24 
26 05/01/2010 16 23 25 49 58 20 
27 05/05/2010 13 34 40 47 57 11 
28 05/08/2010 5 22 34 41 57 31 
29 05/12/2010 37 51 52 53 58 38 
30 05/15/2010 15 21 23 28 36 20 
31 05/19/2010 2 7 29 55 58 27 
32 05/22/2010 19 20 40 47 57 29 
33 05/26/2010 1 6 10 13 20 32 
34 05/29/2010 1 3 24 28 41 10 
35 06/02/2010 4 9 14 39 43 38 
36 06/05/2010 18 34 40 48 59 25 
37 06/09/2010 14 22 27 32 49 05 
38 06/12/2010 9 12 13 35 38 30 
39 06/16/2010 8 11 18 29 36 06 
40 06/19/2010 9 30 31 50 54 39 
41 06/23/2010 11 30 45 47 48 10 
42 06/26/2010 13 30 32 38 57 25 
43 06/30/2010 6 38 43 47 48 27 
44 07/03/2010 3 10 14 52 53 03 
45 07/07/2010 10 41 44 48 56 04 
46 07/10/2010 20 21 27 28 56 04 
47 07/14/2010 20 21 23 38 42 06 
48 07/17/2010 22 27 35 37 45 03 
49 07/21/2010 16 22 30 51 58 25 
50 07/24/2010 20 30 38 46 59 27 
51 07/28/2010 1 11 20 25 27 02 
52 07/31/2010 1 16 17 41 57 15 
53 08/04/2010 19 28 30 37 53 36 
54 08/07/2010 4 22 26 31 52 30 
55 08/11/2010 7 10 22 23 52 29 
56 08/14/2010 9 33 36 50 58 31 
57 08/18/2010 4 32 33 47 55 39 
58 08/21/2010 7 10 12 22 27 26 
59 08/25/2010 16 17 29 31 36 23 
60 08/28/2010 4 22 27 32 56 13 
61 09/01/2010 17 20 21 40 51 19 
62 09/04/2010 11 14 22 33 42 38 
63 09/08/2010 10 35 39 51 57 20 
64 09/11/2010 7 17 20 36 59 33 
65 09/15/2010 7 20 21 34 43 34 
66 09/18/2010 1 18 37 39 44 13 
67 09/22/2010 10 24 36 52 55 15 
68 09/25/2010 8 16 27 35 42 30 
69 09/29/2010 13 44 51 52 55 30 
70 10/02/2010 12 20 30 36 47 25 
71 10/06/2010 14 26 37 41 46 24 
72 10/09/2010 2 06 32 42 49 35 
73 10/13/2010 12 22 32 34 46 02 
74 10/16/2010 11 12 15 16 28 11 
75 10/20/2010 7 17 20 39 59 17 
76 10/23/2010 2 7 16 20 46 34 
77 10/27/2010 20 24 25 53 59 15 
78 10/30/2010 1 7 27 36 49 39 
79 11/03/2010 34 38 39 45 50 33 
80 11/06/2010 7 12 23 34 38 33 
81 11/10/2010 5 8 11 40 44 10 
82 11/13/2010 17 30 48 51 54 29 
83 11/17/2010 14 16 53 54 59 05 
84 11/20/2010 10 12 38 53 57 01 
85 11/24/2010 08 20 21 32 37 04 
86 11/27/2010 10 30 37 47 54 39 
87 12/01/2010 05 10 11 12 20 02 
88 12/04/2010 13 24 27 31 42 22 
89 12/08/2010 8 11 25 41 58 16 
90 12/11/2010 01 08 10 19 20 23 
91 12/15/2010 10 11 18 32 45 18 
92 12/18/2010 04 11 19 33 43 14 
93 12/22/2010 11 33 44 46 47 12 
94 12/25/2010 01 17 38 50 52 24 
95 12/29/2010 03 16 18 20 37 30 
96 01/01/2011 18 22 37 47 54 36 
97 01/05/2011 22 26 32 38 40 07 
98 01/08/2011 6 7 26 33 52 24 
99 01/12/2011 19 21 23 40 48 27 
100 01/15/2011 09 13 22 23 37 31 
101 01/19/2011 22 36 51 56 59 32 
102 01/22/2011 30 31 34 45 51 23 
103 01/26/2011 04 05 36 47 58 06 
104 01/29/2011 24 28 45 49 52 02 
105 02/02/2011 03 14 33 53 57 36 
106 02/05/2011 15 37 41 56 59 05 
107 02/09/2011 07 11 39 42 51 30 
108 02/12/2011 11 32 36 48 52 19 
109 02/16/2011 09 13 21 23 48 24 
110 02/19/2011 03 12 34 37 42 36 
111 02/23/2011 29 32 36 39 49 29 
112 02/26/2011 04 13 17 21 45 10 
113 03/02/2011 07 31 50 51 58 06 
114 03/05/2011 2 23 31 42 48 21 
115 03/09/2011 12 20 28 40 48 08 
116 03/12/2011 01 04 12 41 47 03 
117 03/16/2011 28 39 40 48 53 09 
118 03/19/2011 03 11 20 27 46 08 
119 03/23/2011 05 15 26 28 32 09 
120 03/26/2011 04 10 11 19 33 27 
121 03/30/2011 19 20 42 56 58 37 
122 04/02/2011 06 22 34 43 45 23 
123 04/06/2011 10 18 41 55 56 15 
124 04/09/2011 05 14 32 53 56 11 
125 04/13/2011 04 23 39 49 50 39 
126 04/16/2011 21 33 44 45 55 07 
127 04/20/2011 09 24 34 36 43 27 
128 04/23/2011 03 11 47 48 58 19 
129 04/27/2011 04 24 40 44 55 05 
130 04/30/2011 06 13 15 32 41 03 
