1 13/02/2004 16 29 32 36 41 7 9 
2 20/02/2004 7 13 39 47 50 2 5 
3 27/02/2004 14 18 19 31 37 4 5 
4 05/03/2004 4 7 33 37 39 1 5 
5 12/03/2004 15 24 28 44 47 4 5 
6 19/03/2004 33 36 37 42 45 4 9 
7 26/03/2004 3 4 10 23 43 2 4 
8 02/04/2004 4 12 24 27 36 2 9 
9 09/04/2004 1 4 10 19 23 2 8 
10 16/04/2004 14 15 28 35 40 1 3 
11 23/04/2004 6 10 21 45 49 3 5 
12 30/04/2004 5 6 16 23 27 6 7 
13 07/05/2004 15 16 21 36 38 1 5 
14 14/05/2004 1 3 21 32 39 2 6 
15 21/05/2004 15 29 37 39 49 4 9 
16 28/05/2004 6 11 35 41 44 5 6 
17 04/06/2004 9 13 34 41 42 3 7 
18 11/06/2004 2 7 8 10 47 1 7 
19 18/06/2004 2 23 28 40 43 2 6 
20 25/06/2004 3 21 30 34 35 1 2 
21 02/07/2004 4 23 24 28 34 1 3 
22 09/07/2004 2 5 12 19 44 8 9 
23 16/07/2004 24 26 31 38 50 5 8 
24 23/07/2004 7 10 27 31 34 3 8 
25 30/07/2004 9 10 19 37 50 1 6 
26 06/08/2004 5 15 24 35 44 5 6 
27 13/08/2004 20 27 41 43 50 5 8 
28 20/08/2004 6 9 10 27 35 6 8 
29 27/08/2004 1 11 22 28 44 1 9 
30 03/09/2004 8 12 14 15 34 6 7 
31 10/09/2004 5 25 33 36 38 2 5 
32 17/09/2004 15 18 29 39 41 5 8 
33 24/09/2004 21 26 27 44 48 1 7 
34 01/10/2004 12 20 21 45 48 5 6 
35 08/10/2004 1 10 12 16 48 2 6 
36 15/10/2004 14 21 22 37 43 5 8 
37 22/10/2004 1 9 23 25 40 3 9 
38 29/10/2004 1 8 32 35 38 4 9 
39 05/11/2004 6 19 25 42 49 1 7 
40 12/11/2004 4 11 12 13 32 3 9 
41 19/11/2004 1 18 29 34 37 2 6 
42 26/11/2004 1 4 24 34 36 6 8 
43 03/12/2004 1 11 15 42 49 3 4 
44 10/12/2004 1 3 13 16 43 2 7 
45 17/12/2004 15 19 22 46 49 2 9 
46 24/12/2004 3 4 27 29 37 5 6 
47 31/12/2004 7 8 24 25 47 8 9 
48 07/01/2005 3 23 27 47 50 2 3 
49 14/01/2005 6 11 14 19 29 1 3 
50 21/01/2005 10 12 14 24 26 5 8 
51 28/01/2005 7 21 26 43 45 5 7 
52 04/02/2005 1 8 11 30 40 7 8 
53 11/02/2005 11 13 25 32 50 4 7 
54 18/02/2005 20 21 26 32 46 8 9 
55 25/02/2005 3 27 30 43 44 4 8 
56 04/03/2005 12 24 32 37 39 7 9 
57 11/03/2005 8 12 23 40 43 1 4 
58 18/03/2005 6 23 39 43 48 5 7 
59 25/03/2005 4 29 33 37 38 6 9 
60 01/04/2005 25 26 41 44 47 3 7 
61 08/04/2005 7 11 25 31 50 1 3 
62 15/04/2005 6 28 31 38 42 3 9 
63 22/04/2005 3 10 13 24 47 5 9 
64 29/04/2005 3 9 35 39 42 1 8 
65 06/05/2005 7 12 21 26 44 6 8 
66 13/05/2005 12 17 31 32 40 2 9 
67 20/05/2005 6 7 13 28 47 5 8 
68 27/05/2005 2 24 31 48 50 4 9 
69 03/06/2005 3 8 11 17 50 1 5 
70 10/06/2005 6 7 32 37 47 1 7 
71 17/06/2005 4 8 10 18 21 1 7 
72 24/06/2005 6 8 14 15 45 7 8 
73 01/07/2005 4 5 23 25 28 3 4 
74 08/07/2005 35 36 42 46 49 2 8 
75 15/07/2005 1 11 12 23 42 3 6 
76 22/07/2005 3 14 41 48 49 1 4 
77 29/07/2005 3 19 26 49 50 4 5 
78 05/08/2005 2 11 21 22 30 4 6 
79 12/08/2005 15 23 30 37 40 7 9 
80 19/08/2005 11 24 29 31 41 1 3 
81 26/08/2005 9 29 35 40 41 1 6 
82 02/09/2005 3 4 14 43 50 3 6 
83 09/09/2005 8 12 19 31 50 6 7 
84 16/09/2005 12 13 19 21 38 3 9 
85 23/09/2005 1 26 31 34 47 4 9 
86 30/09/2005 6 11 47 48 50 1 6 
87 07/10/2005 2 13 21 26 44 3 9 
88 14/10/2005 10 11 19 20 23 1 6 
89 21/10/2005 1 14 19 29 33 1 8 
90 28/10/2005 14 36 44 47 50 3 5 
91 04/11/2005 26 36 37 38 42 2 6 
92 11/11/2005 15 16 36 41 42 3 5 
93 18/11/2005 17 18 25 34 48 2 3 
94 25/11/2005 1 6 27 39 47 1 6 
95 02/12/2005 1 9 20 23 30 4 7 
96 09/12/2005 11 18 35 38 42 1 5 
97 16/12/2005 2 3 15 18 32 6 7 
98 23/12/2005 15 31 36 37 42 1 7 
99 30/12/2005 8 16 19 43 45 1 4 
100 06/01/2006 2 6 9 14 26 4 5 
101 13/01/2006 8 12 19 33 34 1 6 
102 20/01/2006 12 15 33 44 50 2 6 
103 27/01/2006 9 15 21 40 49 1 4 
104 03/02/2006 9 21 30 39 50 1 3 
105 10/02/2006 5 6 38 48 50 6 7 
106 17/02/2006 4 23 24 26 38 2 4 
107 24/02/2006 1 11 18 19 47 3 7 
108 03/03/2006 3 5 8 10 44 3 5 
109 10/03/2006 1 21 33 45 49 4 8 
110 17/03/2006 5 32 44 45 50 1 7 
111 24/03/2006 17 28 33 35 47 4 9 
112 31/03/2006 3 20 31 45 50 6 7 
113 07/04/2006 12 13 29 44 50 4 5 
114 14/04/2006 16 26 34 35 49 2 6 
115 21/04/2006 1 20 22 37 46 1 9 
116 28/04/2006 5 10 17 22 33 5 7 
117 05/05/2006 4 8 14 16 50 3 9 
118 12/05/2006 5 20 23 34 50 1 5 
119 19/05/2006 3 5 25 34 49 5 8 
120 26/05/2006 2 12 21 41 49 3 7 
121 02/06/2006 7 8 27 41 48 1 6 
122 09/06/2006 3 12 15 34 39 4 6 
123 16/06/2006 1 16 26 30 36 3 9 
124 23/06/2006 9 21 30 43 44 1 9 
125 30/06/2006 6 15 16 40 43 1 2 
126 07/07/2006 7 9 18 35 43 5 7 
127 14/07/2006 1 7 17 31 36 2 8 
128 21/07/2006 2 4 9 38 50 6 8 
129 28/07/2006 3 8 12 29 43 6 7 
130 04/08/2006 1 14 15 26 32 3 7 
131 11/08/2006 27 28 31 46 47 2 5 
132 18/08/2006 12 37 39 40 50 1 2 
133 25/08/2006 10 28 40 47 48 6 8 
134 01/09/2006 3 7 25 45 50 6 9 
135 08/09/2006 1 10 12 32 33 1 8 
136 15/09/2006 6 10 16 26 49 7 9 
137 22/09/2006 10 29 30 45 49 3 8 
138 29/09/2006 1 3 6 18 24 5 8 
139 06/10/2006 5 11 22 35 38 7 8 
140 13/10/2006 2 25 32 38 41 3 5 
141 20/10/2006 10 19 34 45 47 3 6 
142 27/10/2006 3 4 8 44 50 7 8 
143 03/11/2006 11 13 24 44 49 3 9 
144 10/11/2006 14 21 27 30 36 2 3 
145 17/11/2006 12 22 32 33 36 2 6 
146 24/11/2006 5 8 17 25 40 1 5 
147 01/12/2006 4 8 16 37 41 2 5 
148 08/12/2006 16 17 18 36 47 1 2 
149 15/12/2006 9 23 35 37 42 3 7 
150 22/12/2006 9 11 20 38 43 2 3 
151 29/12/2006 6 9 13 14 35 3 4 
152 05/01/2007 17 19 29 36 45 5 6 
153 12/01/2007 8 11 14 19 25 3 5 
154 19/01/2007 5 13 27 33 42 2 4 
155 26/01/2007 11 15 23 30 38 4 9 
156 02/02/2007 14 23 27 30 36 1 6 
157 09/02/2007 14 16 30 36 46 2 8 
158 16/02/2007 8 19 20 39 50 6 9 
159 23/02/2007 2 15 18 20 22 2 5 
160 02/03/2007 3 16 34 38 48 5 8 
161 09/03/2007 2 3 25 43 48 6 9 
162 16/03/2007 4 14 31 45 49 4 9 
163 23/03/2007 5 13 17 40 43 1 3 
164 30/03/2007 9 17 19 41 46 1 8 
165 06/04/2007 15 23 29 41 48 3 6 
166 13/04/2007 7 20 25 38 41 3 7 
167 20/04/2007 23 26 32 41 45 3 7 
168 27/04/2007 7 18 27 36 44 1 2 
169 04/05/2007 6 17 35 41 45 1 5 
170 11/05/2007 7 12 26 29 49 2 6 
171 18/05/2007 26 34 37 39 49 2 6 
172 25/05/2007 25 26 29 49 50 7 8 
173 01/06/2007 6 22 37 41 42 6 9 
174 08/06/2007 1 15 17 25 45 2 8 
175 15/06/2007 5 7 14 21 40 3 8 
176 22/06/2007 11 16 17 22 34 5 6 
177 29/06/2007 8 12 28 33 45 1 3 
178 06/07/2007 4 5 19 39 41 8 9 
179 13/07/2007 9 13 15 31 48 3 6 
180 20/07/2007 10 21 25 26 50 4 9 
181 27/07/2007 1 4 21 29 41 7 8 
182 03/08/2007 10 30 33 37 41 1 8 
183 10/08/2007 23 40 42 43 49 2 6 
184 17/08/2007 2 3 13 38 42 7 8 
185 24/08/2007 1 3 16 42 48 2 3 
186 31/08/2007 6 18 22 23 37 5 6 
187 07/09/2007 2 3 33 34 42 3 5 
188 14/09/2007 5 9 11 29 33 7 9 
189 21/09/2007 1 17 32 35 37 1 8 
190 28/09/2007 22 30 34 35 44 4 5 
191 05/10/2007 11 20 27 35 44 2 5 
192 12/10/2007 21 32 36 46 47 3 4 
193 19/10/2007 7 18 34 35 40 7 8 
194 26/10/2007 7 20 38 40 43 1 8 
195 02/11/2007 3 16 18 19 40 1 2 
196 09/11/2007 5 14 22 25 36 5 6 
197 16/11/2007 9 18 23 33 37 1 8 
198 23/11/2007 2 10 22 29 48 3 9 
199 30/11/2007 12 19 20 30 38 7 9 
200 07/12/2007 2 4 32 43 48 1 7 
201 14/12/2007 8 25 30 36 44 3 4 
202 21/12/2007 7 9 28 37 44 6 7 
203 28/12/2007 20 21 22 31 45 7 9 
204 04/01/2008 10 12 24 25 41 3 5 
205 11/01/2008 8 24 36 49 50 4 8 
206 18/01/2008 14 16 23 40 46 4 8 
207 25/01/2008 2 6 9 19 45 7 8 
208 01/02/2008 22 30 45 47 49 4 9 
209 08/02/2008 17 28 30 38 44 1 4 
210 15/02/2008 12 27 29 45 46 4 7 
211 22/02/2008 4 27 32 46 50 8 9 
212 29/02/2008 12 37 40 47 49 2 9 
213 07/03/2008 2 7 14 17 35 1 6 
214 14/03/2008 13 21 25 35 48 4 8 
215 21/03/2008 2 10 18 22 36 4 6 
216 28/03/2008 5 9 17 29 39 3 6 
217 04/04/2008 11 13 18 37 47 1 6 
218 11/04/2008 6 25 30 45 50 5 7 
219 18/04/2008 3 6 7 27 50 5 9 
220 25/04/2008 4 19 26 27 30 3 8 
221 02/05/2008 2 26 37 45 48 4 8 
222 09/05/2008 8 9 40 42 45 6 7 
223 16/05/2008 6 9 15 25 38 4 9 
224 23/05/2008 5 9 19 21 38 1 7 
225 30/05/2008 5 7 14 20 49 2 8 
226 06/06/2008 7 19 21 40 50 2 9 
227 13/06/2008 13 16 37 44 50 1 9 
228 20/06/2008 8 11 36 37 45 3 5 
229 27/06/2008 5 20 26 44 50 5 7 
230 04/07/2008 7 19 22 27 48 5 7 
231 11/07/2008 9 11 13 19 37 3 4 
232 18/07/2008 10 14 16 29 44 5 6 
233 25/07/2008 7 11 15 24 29 2 7 
234 01/08/2008 1 22 25 40 50 1 8 
235 08/08/2008 4 5 15 16 45 4 7 
236 15/08/2008 11 17 18 26 31 5 6 
237 22/08/2008 7 27 29 39 50 5 7 
238 29/08/2008 2 20 25 37 39 5 8 
239 05/09/2008 7 12 16 17 39 3 8 
240 12/09/2008 19 23 33 37 50 3 7 
241 19/09/2008 14 16 19 20 31 6 9 
242 26/09/2008 14 29 31 33 37 1 2 
243 03/10/2008 4 13 19 23 38 2 3 
244 10/10/2008 4 15 22 31 41 1 6 
245 17/10/2008 3 10 12 42 50 1 5 
246 24/10/2008 7 15 16 17 45 6 9 
247 31/10/2008 3 18 25 34 41 2 5 
248 07/11/2008 1 9 12 17 18 3 4 
249 14/11/2008 8 10 14 21 26 3 4 
250 21/11/2008 9 14 21 49 50 3 8 
251 28/11/2008 8 11 16 25 41 2 4 
252 05/12/2008 4 8 21 35 45 5 8 
253 12/12/2008 2 19 28 42 49 2 7 
254 19/12/2008 28 29 40 46 50 5 7 
255 26/12/2008 1 2 26 44 50 1 7 
256 02/01/2009 29 30 36 37 48 1 6 
257 09/01/2009 7 15 22 28 48 1 4 
258 16/01/2009 3 17 22 49 50 3 6 
259 23/01/2009 32 33 36 40 49 2 8 
260 30/01/2009 4 29 34 35 46 5 8 
261 06/02/2009 10 20 30 36 40 3 5 
262 13/02/2009 22 33 36 40 42 1 2 
263 20/02/2009 9 12 13 14 48 1 2 
264 27/02/2009 5 9 37 44 45 6 9 
265 06/03/2009 13 17 19 25 35 5 6 
266 13/03/2009 12 24 26 36 42 1 4 
267 20/03/2009 12 16 23 31 35 4 6 
268 27/03/2009 25 33 36 38 42 6 7 
269 03/04/2009 2 20 24 32 46 1 9 
270 10/04/2009 9 14 16 37 46 2 4 
271 17/04/2009 4 7 21 44 47 1 5 
272 24/04/2009 4 14 21 24 41 5 8 
273 01/05/2009 5 19 31 38 47 3 5 
274 08/05/2009 4 23 24 29 31 8 9 
275 15/05/2009 8 18 19 20 42 5 9 
276 22/05/2009 4 13 14 33 43 1 6 
277 29/05/2009 2 5 30 37 47 3 6 
278 05/06/2009 11 19 26 35 40 2 5 
279 12/06/2009 6 14 16 34 50 4 6 
280 19/06/2009 4 16 17 20 29 5 7 
281 26/06/2009 6 11 21 30 39 2 8 
282 03/07/2009 21 29 34 46 47 6 8 
283 10/07/2009 6 16 20 42 46 1 6 
284 17/07/2009 2 8 17 32 50 3 7 
285 24/07/2009 14 15 25 35 47 5 9 
286 31/07/2009 5 9 20 21 26 3 6 
287 07/08/2009 10 20 22 24 31 2 7 
288 14/08/2009 5 8 24 30 49 3 9 
289 21/08/2009 4 7 16 31 42 3 5 
290 28/08/2009 8 36 37 41 49 5 7 
291 04/09/2009 6 9 20 38 39 3 9 
292 11/09/2009 12 15 35 42 43 4 6 
293 18/09/2009 6 16 30 38 41 2 4 
294 25/09/2009 6 17 18 21 34 3 9 
295 02/10/2009 22 23 24 29 44 1 5 
296 09/10/2009 7 11 29 46 50 4 7 
297 16/10/2009 12 23 30 31 47 3 4 
298 23/10/2009 6 18 20 29 31 2 8 
299 30/10/2009 9 33 35 38 40 2 6 
300 06/11/2009 11 19 34 43 45 5 9 
301 13/11/2009 13 15 25 26 32 3 4 
302 20/11/2009 5 9 28 43 47 2 9 
303 27/11/2009 5 8 13 15 33 8 9 
304 04/12/2009 18 19 25 30 44 1 3 
305 11/12/2009 20 41 43 44 46 2 9 
306 18/12/2009 14 30 32 35 49 3 8 
307 25/12/2009 4 5 14 17 34 3 5 
308 01/01/2010 9 22 24 27 36 5 7 
309 08/01/2010 4 5 14 44 46 8 9 
310 15/01/2010 11 26 29 49 50 4 7 
311 22/01/2010 4 22 27 36 44 7 9 
312 29/01/2010 9 17 30 39 43 5 7 
313 05/02/2010 34 35 38 39 46 3 4 
314 12/02/2010 1 5 18 38 45 4 6 
315 19/02/2010 12 31 37 38 43 2 3 
316 26/02/2010 7 11 18 29 42 6 7 
317 05/03/2010 12 18 19 43 49 3 9 
318 12/03/2010 1 26 33 36 46 6 7 
319 19/03/2010 10 28 30 38 39 2 7 
320 26/03/2010 8 16 18 37 43 2 6 
321 02/04/2010 12 18 24 26 45 4 5 
322 09/04/2010 7 21 23 24 44 3 4 
323 16/04/2010 9 11 17 26 40 3 9 
324 23/04/2010 3 7 8 43 46 6 8 
325 30/04/2010 6 22 24 25 36 3 8 
326 07/05/2010 3 6 15 21 32 7 9 
327 14/05/2010 1 17 31 43 47 2 3 
328 21/05/2010 7 19 30 38 50 4 7 
329 28/05/2010 4 9 31 32 33 3 7 
330 04/06/2010 4 17 34 40 42 4 9 
331 11/06/2010 2 22 24 36 44 1 2 
332 18/06/2010 2 29 31 32 38 1 4 
333 25/06/2010 1 8 18 28 31 8 9 
334 02/07/2010 12 13 36 41 46 1 8 
335 09/07/2010 9 24 37 39 49 3 9 
336 16/07/2010 38 39 45 46 49 7 8 
337 23/07/2010 4 13 35 37 46 3 9 
338 30/07/2010 3 4 11 28 39 2 8 
339 06/08/2010 13 25 28 29 42 4 5 
340 13/08/2010 4 9 15 21 47 2 7 
341 20/08/2010 5 27 31 40 42 1 6 
342 27/08/2010 1 6 13 30 49 1 9 
343 03/09/2010 13 24 26 47 49 4 8 
344 10/09/2010 17 21 35 41 45 1 5 
345 17/09/2010 17 27 29 38 50 1 3 
346 24/09/2010 1 4 16 40 48 1 9 
347 01/10/2010 1 4 6 27 48 1 6 
348 08/10/2010 9 30 35 39 46 6 8 
349 15/10/2010 2 31 36 38 43 3 7 
350 22/10/2010 4 5 9 11 39 3 5 
351 29/10/2010 16 20 22 32 42 8 9 
352 05/11/2010 21 23 33 40 50 4 5 
353 12/11/2010 7 19 23 29 47 1 6 
354 19/11/2010 12 15 32 36 45 7 9 
355 26/11/2010 9 28 36 41 49 5 7 
356 03/12/2010 8 19 28 32 46 4 7 
357 10/12/2010 2 3 10 33 46 7 8 
358 17/12/2010 3 20 29 35 42 3 8 
359 24/12/2010 19 36 38 42 46 2 8 
360 31/12/2010 2 24 34 38 43 1 7 
361 31/12/2010 2 24 34 38 43 2 3 
362 07/01/2011 1 22 32 48 50 1 3 
363 14/01/2011 2 14 24 39 44 5 8 
364 21/01/2011 3 11 13 18 21 5 7 
365 28/01/2011 13 23 24 41 42 7 8 
366 04/02/2011 2 11 24 35 47 4 7 
367 11/02/2011 12 14 15 19 23 8 9 
368 18/02/2011 2 3 15 45 49 4 8 
369 25/02/2011 12 13 42 45 48 7 9 
370 04/03/2011 11 25 27 28 41 1 4 
371 11/03/2011 17 19 24 37 46 5 7 
372 18/03/2011 1 13 20 26 50 6 9 
373 25/03/2011 6 12 21 27 33 3 7 
374 01/04/2011 4 17 21 22 33 1 3 
375 08/04/2011 21 23 38 47 50 3 9 
376 15/04/2011 4 6 21 39 41 5 9 
377 22/04/2011 11 22 36 45 48 1 8 
378 29/04/2011 15 25 38 40 41 6 8 
379 06/05/2011 11 16 20 22 28 2 9 
380 10/05/2011 3 10 15 28 45 5 8 
381 13/05/2011 9 11 17 36 47 4 9 
382 17/05/2011 20 21 37 45 46 1 5 
383 20/05/2011 10 14 20 25 42 1 7 
384 24/05/2011 16 23 24 26 29 1 7 
385 27/05/2011 9 17 25 28 49 7 8 
386 31/05/2011 1 9 10 22 50 3 4 
387 03/06/2011 4 39 40 49 50 2 8 
388 07/06/2011 6 25 36 38 40 3 6 
389 10/06/2011 3 19 20 37 48 1 4 
390 14/06/2011 5 12 19 41 48 4 5 
391 17/06/2011 11 16 21 22 44 4 6 
392 21/06/2011 17 20 35 49 50 7 9 
393 24/06/2011 5 16 20 30 41 1 3 
